31.5555 33.8108 47.7598 40.4056 34.2128 26.8555 30.1153 13.082 19.8027 19.3834 26.7693 31.8521 40.1876 39.8323 43.9535 37.7174 24.2572 23.6006 13.4661 16.1605 16.1841 32.2748 40.7452 41.001 42.0267 47.4836 31.6293 31.7157 19.3745 11.8441 12.0783 25.5561 35.7218 43.9844 48.6975 38.1681 35.859 34.6789 30.3785 23.1508 14.7885 20.0223 27.5827 38.2921 35.1351 43.0436 45.1359 31.75 29.2927 16.4292 21.88 13.8714 22.6016 26.2231 37.3841 45.987 43.623 43.531 35.1972 23.164 
28.8411 34.9491 42.3064 35.1881 38.3215 29.9606 28.558 27.0297 14.1518 17.7457 21.4327 32.0057 31.228 35.0438 40.8649 35.6725 36.6971 28.3977 24.3614 25.5593 21.4584 23.9996 33.867 32.3959 43.1704 35.3792 35.4439 31.3646 29.4939 15.915 22.5751 18.7745 23.6087 29.5751 32.7677 39.0122 33.9751 30.6442 27.6479 23.5429 17.0723 23.2724 17.5351 33.1531 33.144 43.3795 38.0439 38.498 34.6423 27.5154 28.0469 22.7719 17.6894 24.643 35.0257 32.2925 41.6378 38.8235 40.2336 28.6438 
28.4004 39.8835 40.4039 42.5002 42.7544 32.9513 29.7748 20.6785 16.1984 15.6932 22.6271 35.4492 41.4701 45.5868 42.5029 33.1578 33.9853 19.0391 14.6295 15.2926 24.0683 24.7247 37.9322 47.5312 47.9608 38.2376 33.4948 31.8874 17.4009 14.9492 15.003 23.2439 26.7731 34.7717 40.3571 38.0118 39.9174 35.4881 24.5046 21.6087 14.4941 14.8137 24.6532 35.3538 40.324 47.4154 39.0893 39.7996 24.0185 18.8891 14.1087 10.7992 24.6741 23.5884 32.7261 43.0726 49.6394 44.2687 32.6956 26.7285 
28.2605 33.4574 43.3897 41.2148 37.1533 33.4367 30.1819 25.1225 18.3349 20.6586 25.602 33.0963 43.5086 41.2493 42.5565 39.4724 28.1088 20.038 20.8383 20.7693 19.1773 21.728 28.683 45.8125 40.7795 44.9571 35.8433 33.54 20.4141 16.7765 18.4715 25.156 29.8314 38.2776 42.4148 37.2415 43.5514 33.5848 27.1955 25.4418 21.9488 13.721 18.8011 31.3587 38.3525 38.5398 46.2625 41.0847 34.1759 30.2528 21.4883 19.2692 18.9633 20.6217 26.7159 36.1302 39.6474 38.9016 38.3285 26.839 
34.0413 33.0558 47.1407 40.4858 42.9716 33.3002 24.5335 20.8579 19.3251 24.6109 20.9691 34.9149 40.4454 42.1688 37.7588 36.3252 35.1673 18.5778 16.4828 14.8446 16.4814 24.9002 39.2064 39.6818 38.721 37.4091 36.8732 29.192 25.3144 19.4178 15.1449 29.9338 33.3385 34.7259 39.0679 38.9667 33.256 32.1431 23.5196 14.6488 18.7324 21.901 30.1836 29.2278 38.411 48.1184 47.2263 36.9325 25.7795 18.1771 16.9523 13.0915 27.4217 25.7377 42.5988 37.5728 44.5405 40.38 30.6777 23.0052 
29.4044 37.9153 42.9343 47.06 32.8872 33.2271 20.5219 17.818 12.8334 24.4642 23.4341 29.958 43.3039 38.5418 36.8787 37.9667 22.7553 15.0891 20.0411 17.1499 28.8686 35.9479 39.7371 45.5263 39.9928 36.7381 33.9146 17.7287 22.0216 15.0298 20.5751 23.1473 34.8849 43.678 37.3212 37.6177 33.0966 21.7189 14.9764 15.721 20.7521 20.9265 32.7448 37.5577 37.7375 37.7271 32.0695 28.1809 24.9757 13.3169 13.6127 22.6827 23.0514 38.0797 38.6815 40.4707 42.4664 37.1812 19.465 19.7029 
26.1545 37.2301 37.0039 44.8597 42.1159 33.9911 30.7743 20.6414 22.1169 25.5723 22.7121 35.5808 42.6517 45.5983 35.8229 36.978 31.0988 19.7673 21.3027 19.6922 24.9255 27.4865 29.5363 39.5122 40.9042 45.146 33.9636 26.3889 19.4483 21.8745 18.82 24.1643 32.8481 37.1484 42.0557 38.9684 40.8135 31.4954 21.8887 20.5554 14.8372 22.4996 30.557 34.4191 33.456 35.0899 36.9469 34.3121 27.8942 18.838 16.871 13.3219 26.9516 25.106 32.9866 44.2686 43.8543 35.5043 34.9124 23.3873 
24.3422 35.9905 38.3697 41.2425 43.0979 29.3166 24.7874 18.155 19.4387 17.4181 31.5329 30.2066 44.1624 50.1312 42.0688 38.7064 25.1866 17.7194 16.1348 14.9991 27.5425 33.7719 42.1944 47.5171 48.3573 35.6699 28.374 27.1421 18.7235 14.5728 21.0474 23.5288 34.8436 45.2607 47.1319 38.758 39.575 31.5292 21.4903 14.5456 22.6757 19.2534 31.849 40.1556 42.5452 47.1333 40.4108 25.6262 22.655 16.502 17.6411 25.2974 32.839 42.0852 45.8687 38.8255 46.1264 35.347 30.212 13.206 
32.07 35.927 46.0664 47.0233 38.0722 37.3594 26.1317 13.0016 11.8143 13.1851 20.6026 32.5702 46.5346 46.8849 48.0136 41.0053 24.4386 22.9657 21.3305 22.1853 18.0982 23.2729 39.1643 38.3771 49.8789 46.526 38.8149 24.2987 15.3701 15.621 22.1259 28.6364 29.853 37.2934 42.2965 47.0608 37.8995 31.8064 21.0852 11.6247 18.9693 19.9275 30.0616 31.4037 41.5582 46.1573 42.0035 36.9515 23.261 15.7532 10.0067 18.6147 27.6506 28.8793 40.8209 46.9311 38.1265 38.3925 29.3815 18.3166 
34.866 37.2033 37.6021 37.1155 38.9525 26.3406 26.2779 17.4786 22.8414 18.2825 24.384 32.1421 39.3936 39.6524 44.6648 37.2981 27.3327 18.2058 12.9646 21.8875 26.0695 32.6881 38.7865 46.1023 39.0817 32.1304 34.5745 16.8289 17.7765 19.4344 23.4832 33.7653 38.9598 36.9246 36.9039 32.7045 27.7873 21.3409 23.3078 16.878 26.3753 33.357 35.6636 39.8499 46.918 38.2275 37.7751 27.8586 18.6142 18.4058 21.5551 20.3103 27.1387 35.6624 42.5884 38.8837 40.4569 27.9889 26.381 17.2159 
35.2035 37.3285 38.2443 42.1728 33.8241 31.908 25.1495 14.6118 17.7035 21.8239 26.6091 31.1333 36.8255 43.551 39.8234 35.593 26.3809 21.0756 15.3222 20.0376 25.1575 33.7307 40.9874 37.022 38.0681 42.7154 28.3405 20.6781 22.7555 20.4602 14.7227 29.8481 36.8477 37.4034 46.4199 41.7533 30.6525 25.6968 17.4739 21.7989 22.8206 19.4374 25.4278 32.0002 36.4538 36.355 40.7067 28.2642 21.7133 24.8581 15.254 21.7874 31.329 35.5845 42.6682 38.3417 35.3498 28.7492 24.6032 15.9912 
31.9525 34.6294 41.1201 40.0693 33.8886 31.6604 27.242 23.4285 22.6107 23.6916 24.1668 27.7273 30.9359 36.6393 45.1425 42.1243 30.5826 22.8608 21.3639 18.5702 22.1494 26.1455 28.0886 37.753 34.5612 41.6792 42.2417 38.2841 27.0361 20.0837 20.8001 13.5588 22.6072 28.1691 38.3313 40.9077 41.731 34.9247 29.8962 27.9848 20.509 23.8579 15.2224 27.9981 22.9443 38.9532 33.6126 41.5427 34.9631 40.0668 29.6134 24.3705 18.0091 22.6876 21.7537 27.0703 29.6967 32.9133 44.0655 38.1459 
24.1212 39.138 44.7903 39.59 38.8291 32.6002 30.2106 24.4395 21.6196 16.3847 24.8099 33.1998 34.279 44.3566 35.4984 38.9918 38.8147 30.9747 28.0701 20.1696 20.1191 25.3803 30.2381 40.2618 40.0547 38.3541 40.9271 30.0574 27.2238 19.5551 16.451 24.9023 20.7698 34.7747 30.2435 45.0205 42.9342 40.5618 33.8609 22.1165 22.9078 24.5628 24.5469 24.3386 25.8194 35.5894 43.1462 46.4495 36.124 34.9131 23.9198 27.9153 13.8007 23.0402 21.9833 33.3965 35.1382 35.6664 39.1259 39.8947 
27.0957 32.1208 41.3884 44.6437 43.0262 29.2457 22.4244 22.0992 15.2671 22.1804 28.0592 31.7798 34.6858 46.5108 45.1019 42.858 28.6596 21.878 20.2123 21.108 18.5661 21.4538 30.0997 33.9909 42.3083 38.9634 42.0963 27.0734 29.5048 22.8434 21.9233 20.5295 29.4646 29.1772 36.492 39.5518 43.8244 42.8789 33.5313 20.8253 20.785 12.1337 25.3245 30.8716 35.5802 40.385 40.7768 40.477 41.8406 35.1573 23.4253 11.9278 10.8316 15.7002 23.2335 33.5085 45.5429 46.1017 36.5624 42.5511 
26.821 39.9874 45.6618 39.5939 33.4887 28.3824 25.4047 15.416 22.873 17.3458 30.5443 38.7773 42.9812 40.6694 33.1481 28.6585 29.8744 17.7239 24.481 18.9026 25.8529 36.1941 41.0276 41.8697 35.4705 36.7043 30.6348 17.4391 15.4935 21.9196 20.4097 25.9102 37.3782 43.8211 44.4293 41.6217 24.3869 24.1532 13.3121 22.6591 28.3463 30.2719 33.9718 45.7586 39.2259 43.3521 27.4292 18.834 24.6169 20.3389 16.1112 24.2131 30.3887 36.5793 40.2941 38.0366 38.7868 30.0894 15.9237 12.8022 
25.3437 34.293 38.2116 39.9892 42.5053 32.7023 27.069 22.3364 21.3176 17.8632 26.7314 30.2757 45.5687 38.7466 44.3744 39.7253 36.5967 25.99 13.0739 16.0105 13.8256 27.7116 28.5977 36.9964 44.423 43.2376 30.956 23.6792 26.6523 21.7737 11.0502 21.5332 27.4375 42.5336 46.5312 49.4928 37.1504 30.8607 26.715 23.3207 14.1386 21.5582 24.8324 27.0154 39.8051 45.779 40.8189 35.4252 29.5666 22.6462 12.8988 20.0886 17.8615 25.0158 31.4907 40.9387 48.5442 42.9061 43.9021 35.1827 
24.7381 38.8324 45.2444 45.4828 39.3667 35.1001 25.614 24.6833 25.0595 22.1634 27.7047 32.2716 38.9718 45.1165 42.8549 31.7307 33.6418 23.62 19.7335 25.4688 18.6195 21.1685 32.4975 40.9839 36.3593 43.1952 39.113 28.7579 29.2625 15.7588 14.6338 23.368 33.9209 31.143 38.8354 43.3231 39.2509 28.8652 33.3156 18.1286 21.6254 20.9901 20.4098 33.1032 35.6549 44.2123 44.1626 35.0995 33.7887 27.7123 26.2248 19.9014 24.2568 28.2048 28.3815 31.5464 40.6665 39.187 32.1575 31.5037 
35.9258 34.3601 36.8129 41.6699 33.0051 32.8896 20.6579 14.713 15.4679 19.4486 20.8808 36.15 44.262 45.4064 44.5532 29.7262 33.4035 19.4187 19.8111 18.7687 23.8189 35.1031 35.8554 39.7761 38.9337 32.6482 36.6745 23.9739 19.1861 18.8524 21.8593 23.0264 28.5491 44.0749 42.8595 45.1513 40.6436 34.3019 17.9363 22.1737 18.4738 26.0639 34.8423 30.3571 40.7255 35.3295 42.4148 26.8759 19.7363 16.5024 19.6711 23.608 29.2072 35.9468 34.5492 43.5977 43.6723 40.8966 26.1019 21.0406 
29.7213 42.3627 36.3361 44.5727 34.6856 27.065 26.059 15.9149 22.3648 18.157 24.339 31.0608 34.792 39.9518 43.4183 39.8327 34.7446 27.605 19.3989 11.5428 19.5986 24.5474 32.6573 35.1199 37.6852 40.6482 41.2162 24.9769 24.8217 16.3684 19.8944 18.5372 32.067 32.8928 47.7122 47.8011 34.7605 29.6624 26.2625 17.0298 13.2058 13.035 28.2252 33.3776 35.0886 45.3628 44.5357 33.1756 32.4687 25.7023 17.382 12.8802 21.2238 28.3215 35.0303 45.8045 47.9082 44.7344 35.7092 23.9391 
27.1111 34.0624 38.6419 36.5439 42.0513 32.2969 31.0709 20.229 15.3987 24.602 19.1427 27.6713 42.084 39.7743 36.7332 34.6315 29.3749 28.64 15.9529 23.3278 25.1729 30.6085 26.2048 40.9001 41.4394 43.6026 39.4725 28.2489 23.4596 16.0973 18.8692 24.483 21.8046 27.5689 33.1216 43.6293 35.5945 35.6738 29.2665 28.054 18.2133 13.9936 28.1488 22.0607 38.7226 34.8596 40.0589 35.5494 33.4865 22.7518 18.6092 17.1169 21.567 17.7808 25.5686 32.1095 44.4332 43.6132 42.6213 38.7247 
30.0852 34.4054 42.2759 44.7302 32.5587 29.5027 29.1632 22.4555 23.2076 26.907 21.3557 33.8091 34.5538 37.2629 43.986 35.6464 30.7109 22.4143 18.0548 18.6312 20.4955 34.1067 31.0022 36.3599 41.6821 31.2384 33.9636 21.7661 17.7568 14.3251 24.468 29.5992 34.2757 39.1944 36.198 38.9495 31.9839 29.8793 16.9011 20.9663 25.7188 23.5272 27.7608 36.303 41.5397 43.2173 42.4951 30.0285 22.702 17.3796 16.851 24.0083 29.8584 35.0486 35.2665 42.5152 33.1512 29.791 28.3935 21.5382 
32.4431 42.6474 35.9781 43.3994 36.1537 29.9644 20.5353 16.9501 17.6589 17.9669 28.3813 33.8381 44.4409 46.9492 39.0773 31.6024 27.5346 16.6075 21.8526 22.054 24.5292 39.9323 40.792 47.6013 40.3894 40.1628 32.5887 16.8144 22.6509 21.9149 18.857 29.3536 44.5924 44.9225 45.0304 36.4588 25.3791 23.67 13.405 21.1524 17.4213 30.8274 31.886 39.7042 39.2322 36.4444 31.4066 23.5269 18.1839 22.7098 24.411 23.9707 31.4605 43.9825 38.7201 36.7134 29.2307 19.4191 16.3833 21.0229 
24.1766 39.0044 48.2963 48.2486 40.8786 32.8647 16.2863 15.6584 17.3529 22.4531 29.6056 39.6846 47.244 38.4427 42.7575 35.3891 20.1312 19.235 16.6598 21.353 31.2285 32.6311 47.9165 47.5869 35.633 29.2271 25.5368 16.9426 20.8414 21.189 27.9991 33.2743 37.0979 46.9395 37.8911 31.1203 29.0386 18.0151 21.4667 26.29 31.4764 36.3436 42.4115 39.2835 34.6662 27.746 19.4891 17.4662 14.161 18.2937 26.5135 34.0129 40.3288 38.4396 38.2219 26.4478 20.689 17.7139 14.6178 14.3818 
26.8911 43.6161 46.4914 41.6352 42.2098 34.4329 20.8029 13.0554 14.9234 15.4818 30.7871 38.131 39.0141 41.8578 40.0218 35.1921 23.0421 22.3659 11.7988 18.6745 24.8879 34.3958 38.6106 45.1564 43.4375 38.2177 28.1738 24.7151 20.4831 17.3737 22.7272 36.1049 44.4373 42.9198 43.5772 42.3916 35.5608 27.7454 15.8291 21.8644 18.4122 29.6449 39.5166 44.5715 38.6288 40.5667 35.2902 22.6827 16.1952 19.2354 24.257 22.5919 34.7132 44.7643 39.4429 40.6234 36.0594 24.6428 23.8761 16.2003 
30.889 32.4894 37.0183 39.6446 45.9137 31.5081 21.6369 21.9437 16.3393 11.6047 23.1959 26.4595 42.8419 40.7642 45.4687 45.2996 37.1222 23.2974 21.2917 12.3005 12.0308 23.3942 28.8808 37.3818 37.3172 45.0726 35.7872 39.5548 28.4235 14.6857 18.1118 15.1853 26.3777 27.795 35.0796 37.0053 37.8553 37.9298 36.4397 25.0217 16.1311 18.6636 18.4888 25.0112 23.5126 42.7319 42.5988 47.6508 36.1755 39.0345 25.0577 21.8179 10.8131 22.5345 21.1824 31.8022 31.9355 37.5677 46.9366 35.429 
